0
2
4
6
10
13
15
17
18
19
20
21
22
24
25
26
28
32
33
34
36
37
39
40
41
43
45
46
49
51
53
54
55
56
57
58
60
62
65
68
70
72
74
75
76
78
79
80
81
82
84
85
87
88
90
93
100
101
104
105
109
110
113
114
115
119
120
124
125
127
128
130
131
132
134
138
141
142
144
147
148
149
151
152
158
159
160
161
162
166
172
173
174
175
176
178
179
181
183
185
186
188
191
192
193
197
199
200
204
207
208
212
214
216
217
220
221
223
225
232
235
238
241
243
246
247
248
249
250
251
252
253
255
257
258
262
263
264
265
267
272
274
275
276
277
279
280
282
283
287
289
290
291
292
293
294
295
296
297
298
299
300
301
303
305
306
309
312
313
315
317
320
322
323
325
327
328
330
331
332
334
335
338
340
341
344
345
347
348
349
352
354
357
360
362
363
364
366
367
369
373
374
376
378
384
386
387
389
390
391
392
395
396
397
398
399
401
402
403
404
405
406
408
409
410
413
414
417
418
419
421
423
424
428
430
432
433
434
435
436
437
439
440
441
442
443
446
451
452
453
456
458
460
461
462
471
472
473
474
475
476
478
479
482
486
492
493
495
499
501
502
503
505
506
508
510
511
513
515
519
521
527
530
531
533
534
538
549
550
551
552
553
555
557
558
560
564
565
567
569
571
572
574
575
579
580
583
586
587
589
595
596
597
598
601
602
603
605
607
608
610
611
612
613
614
615
616
618
620
621
625
628
629
630
631
632
634
636
637
639
176828